358yam7h_daryana\*
0 0 1
TPolyLine|clBlack|3|psSolid|98|95|98|95|97|96|95|98|94|98|92|98|91|98|89|98|88|99|86|99|85|101|83|101|82|101|80|101|80|102|80|104|80|105|80|107|81|107|83|107|84|107|86|107|87|107|89|107|90|107|93|108|96|108|99|108|102|108|105|108|108|108|111|108|114|108|117|108|120|108|125|108|129|108|134|108|138|108|143|108|147|108|152|108|156|107|161|107|167|107|173|106|179|106|185|106|191|106|197|106|203|104|209|104|215|104|219|103|225|103|231|103|237|103|243|101|249|100|254|100|260|100|264|100|269|100|273|100|278|100|282|98|287|97|291|97|296|97|300|97|303|97|306|97|309|95|312|94|315|94|317|94|318|94|320|92|321|92|323|92|324|92|326|92|
TPolyLine|clBlack|3|psSolid|185|269|182|220|200|197|243|198|284|293|132|251|131|238|
TPolyLine|clBlack|3|psSolid|133|200|327|158|
TPolyLine|clBlack|3|psSolid|101|119|141|143|
TRoundRectangle|clBlack|clWhite|3|psSolid|bsSolid|444|106|483|210|15|
TEllipse|clBlack|clWhite|3|psSolid|bsSolid|104|314|240|410|
TRectangle|clBlack|clAqua|3|psSolid|bsSolid|314|319|416|395|
*
